
config sms_tool_js
	option storage 'ME'
	option mergesms '0'
	option pnumber '48'
	option prefix '1'
	option lednotify '0'
	option ussd '0'
	option pdu '0'
	option sendingroup '0'
	option information '1'
	option readport '/dev/ttyUSB2'
	option atport '/dev/ttyUSB2'
	option ussdport '/dev/ttyUSB2'
	option sms_count_index '251 249 253 250 254 252 248 247 246 245 242 241 240 244 243 238 237 239 235 236 234 233 229 232 230 231 224 226 225 227 223 222 228 221 220 215 214 206 213 211 212 209 208 210 217 219 216 218 207 205 197 198 199 200 201 202 203 204 194 195 196 193 191 192 184 187 185 188 186 189 190 182 183 180 181 179 177 178 170 173 171 174 172 175 176 165 167 166 169 168 164 162 161 163 158 160 159 155 157 156 152 153 154 151 149 150 147 146 148 145 143 144 138 137 136 139 140 142 141 135 134 133 132 130 131 129 121 120 119 122 125 123 126 124 127 128 116 118 117 114 115 113 111 112 110 107 108 109 106 105 103 104 101 102 91 92 93 94 95 96 97 98 99 100 88 89 90 87 86 85 83 84 81 82 80 77 78 79 74 75 76 73 72 71 62 63 64 65 66 67 68 69 59 61 70 60 58 56 57 54 55 53 51 52 50 47 49 48 46 43 40 42 41 44 45 39 38 35 36 37 34 32 33 31 30 29 25 27 26 28 24 17 19 20 23 18 21 22 16 15 14 13 11 12 9 10 8 7 6 4 5 2 3 1 0'
	option sms_count '255'

